0.0 2.77278811451e+12 2.32853355859e+12 3.30180078343e+12 1.0
0.00106382978723 2.22046299952e+12 1.90667573094e+12 2.58589116767e+12 1.0
0.00212765957447 1.08389205558e+12 1.00371787102e+12 1.1704703312e+12 0.99999999967
0.0031914893617 254096735303.0 282401575443.0 228629015876.0 0.999999664031
0.00425531914894 4144575318.34 16986927728.7 1028270781.17 0.991673868177
0.00531914893617 14758484650.9 9377964549.86 23245931613.2 0.999571803244
0.0063829787234 17510912449.9 19671579815.9 15602357251.8 0.999525890628
0.00744680851064 1930549547.7 5714494914.31 1029081894.65 0.796098963205
0.00851063829787 1472340361.26 1161240304.65 3429964446.52 0.737738346264
0.00957446808511 2661831680.35 2912546380.16 2632608194.29 0.961282531326
0.0106382978723 273198465.896 1160848359.48 381497693.68 0.410529671689
0.0117021276596 606993533.787 395547166.957 1718375641.44 0.736250955774
0.0127659574468 1390379635.57 1184918774.1 1814073354.13 0.948334795799
0.013829787234 531003773.462 796807771.177 454291132.551 0.8825792179
0.0148936170213 -18305449.4995 129397832.175 92158648.6781 -0.16762888194
0.0159574468085 97025030.7607 86463977.3289 226562432.306 0.693221837693
0.0170212765957 114901396.714 153946471.278 120956790.048 0.842025632215
0.018085106383 15388163.9494 98503494.6575 26096917.6305 0.303505368987
0.0191489361702 -16724925.0675 24232613.7951 45213267.7115 -0.505278829456
0.0202127659574 5622860.75831 1392503.01249 43388129.1827 0.723392155648
0.0212765957447 10370729.2626 11975057.9 9947702.0934 0.950187035105
0.0223404255319 -2760662.20568 14575016.2548 8219556.20382 -0.252222926866
0.0234042553191 -6379089.33951 7459420.66065 18881531.1146 -0.537511215705
0.0244680851064 -2745260.03689 1330461.79676 12192636.3798 -0.68160610663
0.0255319148936 617017.12065 166971.979718 4504456.26463 0.711466128915
0.0265957446809 830460.071 370130.274729 2758450.26343 0.821880870965
0.0276595744681 287026.72136 45774.4386119 2413620.00229 0.863527889629
0.0287234042553 566564.651769 194778.925283 1805126.19039 0.95548683786
0.0297872340426 215954.804324 66918.953652 863637.944684 0.89830215544
0.0308510638298 235474.491198 69742.2519525 1040459.57838 0.874144597055
0.031914893617 231335.996702 78930.8973314 772660.159168 0.936753740909
0.0329787234043 59118.1642839 16747.6446373 352817.047918 0.769076056119
0.0340425531915 163762.264013 61488.6723297 615450.429683 0.841820962928
0.0351063829787 42707.9005661 10653.5937368 290282.358658 0.767979868178
0.036170212766 54680.6960681 31907.0047236 236046.932057 0.63007440205
0.0372340425532 63576.1928579 18680.19859 351427.044696 0.784668435514
0.0382978723404 -4438.80092277 9982.18091268 96794.3121112 -0.142799941814
0.0393617021277 45720.7328824 21262.9126948 203430.981679 0.695173579155
0.0404255319149 -2166.97749439 2346.91575191 164747.685957 -0.110203652676
0.0414893617021 5505.84973383 15415.4715719 53096.1510804 0.192448454115
0.0425531914894 13698.384325 4062.2454692 158173.166211 0.540405625346
0.0436170212766 -15883.972606 6975.89618319 57363.5670064 -0.794037568042
0.0446808510638 10168.5422633 7188.42941645 60679.699326 0.486877810039
0.0457446808511 -10755.9325231 1634.71227794 97389.7567317 -0.852453633536
0.0468085106383 -5684.80124999 7293.20180017 17214.8337349 -0.507346599815
0.0478723404255 49.575938895 736.106120048 65764.8828192 0.00712530908777
0.0489361702128 -13828.3456781 4633.71766022 43989.6943225 -0.968567676193
0.05 576.394522995 2148.07840219 15576.1138046 0.0996472287792
0.0510638297872 -9396.80398356 1682.76563033 53728.2984195 -0.988249965146
0.0521276595745 -6022.95643474 3212.10312863 13104.5691131 -0.928332615189
0.0531914893617 -2307.97669286 279.502565739 24177.3017783 -0.887839787755
0.0542553191489 -9293.14919932 2813.38390803 32055.436734 -0.978582761504
0.0553191489362 -958.836830064 492.270494012 4245.99798413 -0.663212820381
0.0563829787234 -6133.21106096 1504.81455449 26933.6626917 -0.963382405205
0.0574468085106 -3910.68559455 1245.33998122 12937.7414589 -0.974270834687
0.0585106382979 -1595.855168 395.977818408 7371.76986361 -0.934054378745
0.0595744680851 -5373.91509588 1538.30322489 21087.8723004 -0.943525069437
0.0606382978723 -400.829677169 85.8619256508 3071.15506058 -0.780564300388
0.0617021276596 -3328.91511135 1146.8491563 11942.9878916 -0.899483238605
0.0627659574468 -1889.39335981 386.351732009 11497.793528 -0.896445105158
0.063829787234 -493.482144912 492.352424328 1805.28408801 -0.523432429724
0.0648936170213 -2694.27658227 738.193125656 12452.0255105 -0.888663161223
0.0659574468085 334.76166228 80.8476950841 3860.02051863 0.599248682129
0.0670212765957 -1468.81615527 759.885250619 4450.3685793 -0.798721624799
0.068085106383 -552.906015697 78.898055498 8923.13132008 -0.658960713182
0.0691489361702 258.933440148 474.012370336 747.885835418 0.434886222896
0.0702127659574 -1116.98910652 294.128167315 6520.92932422 -0.806539947435
0.0712765957447 755.826875919 151.28549628 4241.15410598 0.943586365586
0.0723404255319 -439.529062101 437.852515218 1268.98119932 -0.58965241015
0.0734042553191 135.759518778 16.717563425 6121.83478317 0.424368361398
0.0744680851064 587.999903864 377.870774675 1081.60640987 0.919752499889
0.0755319148936 -323.885629883 85.5916082163 2931.54445233 -0.646588303919
0.0765957446809 850.781463134 191.417809883 3893.78897832 0.985463723212
0.0776595744681 15.0380419015 213.675941287 294.295195161 0.0599683213198
0.0787234042553 376.30387182 39.4985207455 3720.6072785 0.981615382802
0.0797872340426 615.805616724 257.136416391 1527.96139184 0.982439152702
0.0808510638298 -12.8940447166 13.6256166889 1052.50205217 -0.107671214721
0.081914893617 737.62936481 185.328256604 3088.06812541 0.975043386727
0.0829787234043 134.568305115 82.0966233497 265.644513123 0.911233568387
0.0840425531915 366.562239415 72.2278514848 1971.24076953 0.971461380911
0.0851063829787 486.658813454 149.051518908 1691.46099096 0.969226760753
0.086170212766 44.607850039 7.66583814652 263.156700446 0.993171510439
0.0872340425532 536.990412718 148.19531597 2153.4787288 0.950558829604
0.0882978723404 96.0284101194 20.4489826392 505.725278228 0.944292530751
0.0893617021277 252.995602873 87.6951229786 870.7294948 0.91555328336
0.0904255319149 310.597514456 70.8961334561 1557.69700164 0.934641818986
0.0914893617021 -1.16504750497 23.740317031 71.6459677266 -0.0282490924839
0.0925531914894 333.554818722 100.281313589 1318.49636132 0.917313413818
0.0936170212766 10.8126773943 2.4908459213 705.576743934 0.257921582514
0.0946808510638 125.486758241 82.9804919194 289.253191935 0.80997351356
0.0957446808511 153.266179323 24.8859807801 1240.92390425 0.872160422976
0.0968085106383 -64.7769544185 38.879449485 140.670027474 -0.875910405413
0.0978723404255 172.389872309 56.782198667 692.244581303 0.869512566782
0.0989361702128 -62.6390731033 5.93613874688 767.80913858 -0.927826265411
0.1 28.0138081536 65.1056004119 60.1145070518 0.447788907214
0.101063829787 43.1159136061 4.70600979346 866.856226516 0.675052644916
0.102127659574 -107.236705175 44.548823714 269.523047004 -0.978649970637
0.103191489362 67.6933423011 25.4359344627 293.211472707 0.783847593321
0.104255319149 -102.572599936 15.4083085338 701.298684009 -0.986739170755
0.105319148936 -26.7676130918 42.9194973526 31.0905978576 -0.732770194349
0.106382978723 -16.5584219649 0.994488890964 527.132802452 -0.723200897512
